[2009]

082

0

30

18

557 

30

558 

1

559 

30

560 

10

561 

1
2
3

4

5

30

562 

10

1

2

60

3

2

563 

3

30

564 

ICD-10

1
2

Binet

A

565 

Ann Arbor

I

T1N0M0

3
4
5 TNM
6

1
2
3 B 
4

PET

CT

MRI

566 

1

2

1
2
3

180

5

5

96

Glasgow coma scale

1000

2000

500

90

567 

0

3

1
2

3

 180 

MRI

1
2

0.02

5

180

CT

PET
180

568 

3

20% 20%

1

2

1
2
3

1

60

 4 

569 

2
3
4
5
6 X 
7

1
2

1
2
3

>2.1KPa 

9/L 

1% 

9/L 

3

570 

1
2

3

4

1
2

571 

3
4
5
6

180

1
2
3
4

572 

1
2
3

 / 

× 1
1

1

25% 

573 

