……………………………………………………………. 

..........................……………. 

.............................................................................................…… 

............................................................…... 

............................................................... 

.............................................................................................…… 

............................................................…... 

i

........................................................................................................... 1 
.............................................................................................. 1 
...................................................................................... 1 
.............................................................................................. 1 
......................................................................................................... 2 
.............................................................................................. 2 
.............................................................................................. 2 
........................................................................................................... 2 
......................................................................................................... 2 
......................................................................................................... 3 
......................................................................................................... 3 
........................................................................................................... 4 
.................................................................................................. 4 
.................................................................................................. 4 
..................................................................................................... 5 
.................................................................................................. 5 
......................................................................................................... 5 
......................................................................................................... 5 
......................................................................................................... 6 
............................................................................................................... 6 
.................................................................................................. 6 
............................................................................................................. 6 
................................................................................................... 6 
.............................................................................................. 6 
..................................................................................................... 7 
.............................................................................................. 7 
.................................................................................................. 7 
..................................................................................................... 7 
....................................................................................................... 7 
......................................................................................................... 7 
...................................................................................... 8 
...................................................................................... 8 
......................................................................................................... 8 
....................................................................................................................... 8 
......................................................................................................... 8 
....................................................................................................................... 8 

ii

“

”

. 

1

1

 1 

15

1. 
2. 
3. 
4. 
5. 
6. 

1. 

2. 

1. 

2. 

3. 

 2 

15

2

 3 

15

1. 
2. 
3. 
4. 
5. 
6. 

7. 
8. 

1. 
2. 
3. 

2

1. 
2. 
3. 
4. 

1. 
2. 
3. 
4. 

1. 
2. 
3. 

4. 
5. 
6. 

1. 
2. 
3. 

 4 

15

4. 

1. 
2. 

3. 

4. 

 5 

15

4

5

3

4 

5 

3

 6 

15

80%

1. 
2. 
3. 

 7 

15

2

1

 8 

15

1

 2
3

 4

5

1
2
3
4
5
6

1

2

2 5
3

5

4 5

0.02

5

2

3

4

1

ICD-10

Binet
Ann Arbor

A

I

 TNM

T1N0M0

 9 

15

1
2
3
4

1
2
3

1
2
3
4

1
2

B

3

4

5

6

7

8

9

10

90

50%

180

90

PET

CT

MRI

 10 

15

1
2
3
4

1
2
3

1
2
3

11

12

13

14

15

16

17

18

180

,
Glasgow coma scale
96

5

5

,

500

1000

2000

90

0.02
5

180

180

CT

MRI

PET

CT

MRI

PET

180

 11 

15

1
2
3

1
2

1
2

19

20

21

22

23

24

25

26

20

20

IV

12

30mmHg

0.5 109/L   
1%  
20 109/L

 12 

15

(

*)

1

*

1

2
3

1
2
3
4
5
6

27

28

CT
29

30

31

32

33

34

6

6

HIV

AIDS

-

180

/

 13 

15

1
2
3
4

35

1

2

1
2
3
4
5

36

37

1
2

3
38

30ml/

(1) 
(2) 
(3) 
(4) 
(5) 
(6) 
(7) 

(

4 109/L

100 109/L

) 

dsDNA
Sm

(1) 
(2) 
(3) 
(4) 
(5) C3

(

)

FEV1

1
; 
0.5kPa/l/s; 
55mmHg; 

TLC

60%

-

 14 

15

CT

MRI

MRA

,

39

40

1

3

5

4

2

6

180

HIV

AIDS  

 15 

15

